service_id,date,exception_type
1,20231007,1
1,20231008,1
1,20231014,1
1,20231015,1
1,20231021,1
1,20231022,1
1,20231028,1
1,20231029,1
1,20231104,1
1,20231105,1
1,20231111,1
1,20231112,1
1,20231118,1
1,20231119,1
1,20231123,1
1,20231124,1
1,20231125,1
1,20231126,1
1,20231202,1
1,20231203,1
1,20231209,1
1,20231210,1
1,20231216,1
1,20231217,1
1,20231223,1
1,20231224,1
1,20231225,1
1,20231230,1
1,20231231,1
1,20240101,1
1,20240106,1
1,20240107,1
1,20240113,1
1,20240114,1
1,20240115,1
1,20240120,1
1,20240121,1
1,20240127,1
1,20240128,1
1,20240203,1
1,20240204,1
1,20240210,1
1,20240211,1
1,20240217,1
1,20240218,1
1,20240219,1
1,20240224,1
1,20240225,1
1,20240302,1
1,20240303,1
1,20240309,1
1,20240310,1
1,20240316,1
1,20240317,1
1,20240323,1
1,20240324,1
2,20231002,1
2,20231003,1
2,20231004,1
2,20231005,1
2,20231006,1
2,20231009,1
2,20231010,1
2,20231011,1
2,20231012,1
2,20231013,1
2,20231016,1
2,20231017,1
2,20231018,1
2,20231019,1
2,20231020,1
2,20231023,1
2,20231024,1
2,20231025,1
2,20231026,1
2,20231027,1
2,20231030,1
2,20231031,1
2,20231101,1
2,20231102,1
2,20231103,1
2,20231106,1
2,20231107,1
2,20231108,1
2,20231109,1
2,20231110,1
2,20231113,1
2,20231114,1
2,20231115,1
2,20231116,1
2,20231117,1
2,20231120,1
2,20231121,1
2,20231122,1
2,20231127,1
2,20231128,1
2,20231129,1
2,20231130,1
2,20231201,1
2,20231211,1
2,20231212,1
2,20231213,1
2,20231214,1
2,20231215,1
2,20231218,1
2,20231219,1
2,20231220,1
2,20231221,1
2,20231222,1
2,20231226,1
2,20231227,1
2,20231228,1
2,20231229,1
2,20240102,1
2,20240103,1
2,20240104,1
2,20240105,1
2,20240108,1
2,20240109,1
2,20240110,1
2,20240111,1
2,20240112,1
2,20240116,1
2,20240117,1
2,20240118,1
2,20240119,1
2,20240122,1
2,20240123,1
2,20240124,1
2,20240125,1
2,20240126,1
2,20240129,1
2,20240130,1
2,20240131,1
2,20240201,1
2,20240202,1
2,20240205,1
2,20240206,1
2,20240207,1
2,20240208,1
2,20240209,1
2,20240212,1
2,20240213,1
2,20240214,1
2,20240215,1
2,20240216,1
2,20240220,1
2,20240221,1
2,20240222,1
2,20240223,1
2,20240226,1
2,20240227,1
2,20240228,1
2,20240229,1
2,20240301,1
2,20240304,1
2,20240305,1
2,20240306,1
2,20240307,1
2,20240308,1
2,20240311,1
2,20240312,1
2,20240313,1
2,20240314,1
2,20240315,1
2,20240318,1
2,20240319,1
2,20240320,1
2,20240321,1
2,20240322,1
2,20240325,1
2,20240326,1
2,20240327,1
2,20240328,1
2,20240329,1
3,20231204,1
3,20231205,1
3,20231206,1
3,20231207,1
3,20231208,1
4,20231007,1
4,20231008,1
4,20231014,1
4,20231015,1
4,20231021,1
4,20231022,1
4,20231028,1
4,20231029,1
4,20231104,1
4,20231105,1
4,20231111,1
4,20231112,1
4,20231118,1
4,20231119,1
4,20231123,1
4,20231124,1
4,20231125,1
4,20231126,1
4,20231202,1
4,20231209,1
4,20231210,1
4,20231216,1
4,20231217,1
4,20231223,1
4,20231224,1
4,20231225,1
4,20231230,1
4,20231231,1
4,20240101,1
4,20240106,1
4,20240107,1
4,20240113,1
4,20240114,1
4,20240115,1
4,20240120,1
4,20240121,1
4,20240127,1
4,20240128,1
4,20240203,1
4,20240204,1
4,20240210,1
4,20240211,1
4,20240217,1
4,20240218,1
4,20240219,1
4,20240224,1
4,20240225,1
4,20240302,1
4,20240303,1
4,20240309,1
4,20240310,1
4,20240316,1
4,20240317,1
4,20240323,1
4,20240324,1
5,20231203,1
6,20231002,1
7,20231124,1
7,20240115,1
7,20240219,1
8,20231002,1
8,20231003,1
8,20231004,1
8,20231005,1
8,20231006,1
8,20231009,1
8,20231010,1
8,20231011,1
8,20231012,1
8,20231013,1
8,20231016,1
8,20231017,1
8,20231018,1
8,20231019,1
8,20231020,1
8,20231023,1
8,20231024,1
8,20231025,1
8,20231026,1
8,20231027,1
8,20231030,1
8,20231031,1
8,20231101,1
8,20231102,1
8,20231103,1
8,20231106,1
8,20231107,1
8,20231108,1
8,20231109,1
8,20231110,1
8,20231113,1
8,20231114,1
8,20231115,1
8,20231116,1
8,20231117,1
8,20231120,1
8,20231121,1
8,20231122,1
8,20231127,1
8,20231128,1
8,20231129,1
8,20231130,1
8,20231201,1
8,20231204,1
8,20231207,1
8,20231208,1
8,20231211,1
8,20231212,1
8,20231213,1
8,20231214,1
8,20231215,1
8,20231218,1
8,20231219,1
8,20231220,1
8,20231221,1
8,20231222,1
8,20231226,1
8,20231227,1
8,20231228,1
8,20231229,1
8,20240102,1
8,20240103,1
8,20240104,1
8,20240105,1
8,20240108,1
8,20240109,1
8,20240110,1
8,20240111,1
8,20240112,1
8,20240116,1
8,20240117,1
8,20240118,1
8,20240119,1
8,20240122,1
8,20240123,1
8,20240124,1
8,20240125,1
8,20240126,1
8,20240129,1
8,20240130,1
8,20240131,1
8,20240201,1
8,20240202,1
8,20240205,1
8,20240206,1
8,20240207,1
8,20240208,1
8,20240209,1
8,20240212,1
8,20240213,1
8,20240214,1
8,20240215,1
8,20240216,1
8,20240220,1
8,20240221,1
8,20240222,1
8,20240223,1
8,20240226,1
8,20240227,1
8,20240228,1
8,20240229,1
8,20240301,1
8,20240304,1
8,20240305,1
8,20240306,1
8,20240307,1
8,20240308,1
8,20240311,1
8,20240312,1
8,20240313,1
8,20240314,1
8,20240315,1
8,20240318,1
8,20240319,1
8,20240320,1
8,20240321,1
8,20240322,1
8,20240325,1
8,20240326,1
8,20240327,1
8,20240328,1
8,20240329,1
9,20231206,1
10,20231231,1
11,20231007,1
11,20231008,1
11,20231014,1
11,20231015,1
11,20231021,1
11,20231022,1
11,20231028,1
11,20231029,1
11,20231104,1
11,20231105,1
11,20231111,1
11,20231112,1
11,20231118,1
11,20231119,1
11,20231123,1
11,20231125,1
11,20231126,1
11,20231202,1
11,20231203,1
11,20231209,1
11,20231210,1
11,20231216,1
11,20231217,1
11,20231223,1
11,20231224,1
11,20231225,1
11,20231230,1
11,20231231,1
11,20240101,1
11,20240106,1
11,20240107,1
11,20240113,1
11,20240114,1
11,20240120,1
11,20240121,1
11,20240127,1
11,20240128,1
11,20240203,1
11,20240204,1
11,20240210,1
11,20240211,1
11,20240217,1
11,20240218,1
11,20240224,1
11,20240225,1
11,20240302,1
11,20240303,1
11,20240309,1
11,20240310,1
11,20240316,1
11,20240317,1
11,20240323,1
11,20240324,1
12,20231205,1
13,20231205,1
13,20231206,1
14,20240101,1
15,20231007,1
15,20231008,1
15,20231014,1
15,20231015,1
15,20231021,1
15,20231022,1
15,20231028,1
15,20231029,1
15,20231104,1
15,20231105,1
15,20231111,1
15,20231112,1
15,20231118,1
15,20231119,1
15,20231123,1
15,20231124,1
15,20231125,1
15,20231126,1
15,20231202,1
15,20231203,1
15,20231209,1
15,20231210,1
15,20231216,1
15,20231217,1
15,20231223,1
15,20231224,1
15,20231225,1
15,20231230,1
15,20240101,1
15,20240106,1
15,20240107,1
15,20240113,1
15,20240114,1
15,20240115,1
15,20240120,1
15,20240121,1
15,20240127,1
15,20240128,1
15,20240203,1
15,20240204,1
15,20240210,1
15,20240211,1
15,20240217,1
15,20240218,1
15,20240219,1
15,20240224,1
15,20240225,1
15,20240302,1
15,20240303,1
15,20240309,1
15,20240310,1
15,20240316,1
15,20240317,1
15,20240323,1
15,20240324,1
16,20231007,1
16,20231009,1
16,20231014,1
16,20231021,1
16,20231028,1
16,20231104,1
16,20231111,1
16,20231118,1
16,20231125,1
16,20231202,1
16,20231209,1
16,20231216,1
16,20231223,1
16,20231230,1
16,20240106,1
16,20240113,1
16,20240120,1
16,20240127,1
16,20240203,1
16,20240210,1
16,20240217,1
16,20240224,1
16,20240302,1
16,20240309,1
16,20240316,1
16,20240323,1
17,20231008,1
17,20231015,1
17,20231022,1
17,20231029,1
17,20231105,1
17,20231112,1
17,20231119,1
17,20231126,1
17,20231203,1
17,20231210,1
17,20231217,1
17,20231224,1
17,20231231,1
17,20240107,1
17,20240114,1
17,20240121,1
17,20240128,1
17,20240204,1
17,20240211,1
17,20240218,1
17,20240225,1
17,20240303,1
17,20240310,1
17,20240317,1
17,20240324,1
18,20231002,1
18,20231003,1
18,20231004,1
18,20231005,1
18,20231006,1
18,20231010,1
18,20231011,1
18,20231012,1
18,20231013,1
18,20231016,1
18,20231017,1
18,20231018,1
18,20231019,1
18,20231020,1
18,20231023,1
18,20231024,1
18,20231025,1
18,20231026,1
18,20231027,1
18,20231030,1
18,20231031,1
18,20231101,1
18,20231102,1
18,20231103,1
18,20231106,1
18,20231107,1
18,20231108,1
18,20231109,1
18,20231110,1
18,20231113,1
18,20231114,1
18,20231115,1
18,20231116,1
18,20231117,1
18,20231120,1
18,20231121,1
18,20231122,1
18,20231123,1
18,20231124,1
18,20231127,1
18,20231128,1
18,20231129,1
18,20231130,1
18,20231201,1
18,20231204,1
18,20231205,1
18,20231206,1
18,20231207,1
18,20231208,1
18,20231211,1
18,20231212,1
18,20231213,1
18,20231214,1
18,20231215,1
18,20231218,1
18,20231219,1
18,20231220,1
18,20231221,1
18,20231222,1
18,20231225,1
18,20231226,1
18,20231227,1
18,20231228,1
18,20231229,1
18,20240101,1
18,20240102,1
18,20240103,1
18,20240104,1
18,20240105,1
18,20240108,1
18,20240109,1
18,20240110,1
18,20240111,1
18,20240112,1
18,20240115,1
18,20240116,1
18,20240117,1
18,20240118,1
18,20240119,1
18,20240122,1
18,20240123,1
18,20240124,1
18,20240125,1
18,20240126,1
18,20240129,1
18,20240130,1
18,20240131,1
18,20240201,1
18,20240202,1
18,20240205,1
18,20240206,1
18,20240207,1
18,20240208,1
18,20240209,1
18,20240212,1
18,20240213,1
18,20240214,1
18,20240215,1
18,20240216,1
18,20240219,1
18,20240220,1
18,20240221,1
18,20240222,1
18,20240223,1
18,20240226,1
18,20240227,1
18,20240228,1
18,20240229,1
18,20240301,1
18,20240304,1
18,20240305,1
18,20240306,1
18,20240307,1
18,20240308,1
18,20240311,1
18,20240312,1
18,20240313,1
18,20240314,1
18,20240315,1
18,20240318,1
18,20240319,1
18,20240320,1
18,20240321,1
18,20240322,1
18,20240325,1
18,20240326,1
18,20240327,1
18,20240328,1
18,20240329,1
19,20231006,1
19,20231007,1
19,20231013,1
19,20231014,1
19,20231020,1
19,20231021,1
19,20231027,1
19,20231028,1
19,20231103,1
19,20231104,1
19,20231110,1
19,20231111,1
19,20231117,1
19,20231118,1
19,20231122,1
19,20231123,1
19,20231124,1
19,20231125,1
19,20231201,1
19,20231202,1
19,20231208,1
19,20231209,1
19,20231215,1
19,20231216,1
19,20231222,1
19,20231223,1
19,20231224,1
19,20231229,1
19,20231230,1
19,20231231,1
19,20240105,1
19,20240106,1
19,20240112,1
19,20240113,1
19,20240114,1
19,20240119,1
19,20240120,1
19,20240126,1
19,20240127,1
19,20240202,1
19,20240203,1
19,20240209,1
19,20240210,1
19,20240216,1
19,20240217,1
19,20240218,1
19,20240223,1
19,20240224,1
19,20240301,1
19,20240302,1
19,20240308,1
19,20240309,1
19,20240315,1
19,20240316,1
19,20240322,1
19,20240323,1
19,20240329,1
20,20231002,1
20,20231003,1
20,20231004,1
20,20231005,1
20,20231008,1
20,20231009,1
20,20231010,1
20,20231011,1
20,20231012,1
20,20231015,1
20,20231016,1
20,20231017,1
20,20231018,1
20,20231019,1
20,20231022,1
20,20231023,1
20,20231024,1
20,20231025,1
20,20231026,1
20,20231029,1
20,20231030,1
20,20231031,1
20,20231101,1
20,20231102,1
20,20231105,1
20,20231106,1
20,20231107,1
20,20231108,1
20,20231109,1
20,20231112,1
20,20231113,1
20,20231114,1
20,20231115,1
20,20231116,1
20,20231119,1
20,20231120,1
20,20231121,1
20,20231126,1
20,20231127,1
20,20231128,1
20,20231129,1
20,20231130,1
20,20231203,1
20,20231204,1
20,20231207,1
20,20231210,1
20,20231211,1
20,20231212,1
20,20231213,1
20,20231214,1
20,20231217,1
20,20231218,1
20,20231219,1
20,20231220,1
20,20231221,1
20,20231225,1
20,20231226,1
20,20231227,1
20,20231228,1
20,20240101,1
20,20240102,1
20,20240103,1
20,20240104,1
20,20240107,1
20,20240108,1
20,20240109,1
20,20240110,1
20,20240111,1
20,20240115,1
20,20240116,1
20,20240117,1
20,20240118,1
20,20240121,1
20,20240122,1
20,20240123,1
20,20240124,1
20,20240125,1
20,20240128,1
20,20240129,1
20,20240130,1
20,20240131,1
20,20240201,1
20,20240204,1
20,20240205,1
20,20240206,1
20,20240207,1
20,20240208,1
20,20240211,1
20,20240212,1
20,20240213,1
20,20240214,1
20,20240215,1
20,20240219,1
20,20240220,1
20,20240221,1
20,20240222,1
20,20240225,1
20,20240226,1
20,20240227,1
20,20240228,1
20,20240229,1
20,20240303,1
20,20240304,1
20,20240305,1
20,20240306,1
20,20240307,1
20,20240310,1
20,20240311,1
20,20240312,1
20,20240313,1
20,20240314,1
20,20240317,1
20,20240318,1
20,20240319,1
20,20240320,1
20,20240321,1
20,20240324,1
20,20240325,1
20,20240326,1
20,20240327,1
20,20240328,1
21,20231124,1
21,20231225,1
21,20231231,1
21,20240101,1
21,20240115,1
21,20240219,1
22,20231123,1
22,20231124,1
22,20240115,1
22,20240219,1
23,20231123,1
24,20231122,1
24,20231222,1
25,20231006,1
25,20231007,1
25,20231013,1
25,20231014,1
25,20231020,1
25,20231021,1
25,20231027,1
25,20231028,1
25,20231103,1
25,20231104,1
25,20231110,1
25,20231111,1
25,20231117,1
25,20231118,1
25,20231122,1
25,20231123,1
25,20231124,1
25,20231125,1
25,20231201,1
25,20231202,1
25,20231208,1
25,20231209,1
25,20231215,1
25,20231216,1
25,20231222,1
25,20231223,1
25,20231224,1
25,20231229,1
25,20231230,1
25,20240105,1
25,20240106,1
25,20240112,1
25,20240113,1
25,20240114,1
25,20240119,1
25,20240120,1
25,20240126,1
25,20240127,1
25,20240202,1
25,20240203,1
25,20240209,1
25,20240210,1
25,20240216,1
25,20240217,1
25,20240218,1
25,20240223,1
25,20240224,1
25,20240301,1
25,20240302,1
25,20240308,1
25,20240309,1
25,20240315,1
25,20240316,1
25,20240322,1
25,20240323,1
25,20240329,1
26,20231002,1
26,20231003,1
26,20231004,1
26,20231005,1
26,20231006,1
26,20231009,1
26,20231010,1
26,20231011,1
26,20231012,1
26,20231013,1
26,20231016,1
26,20231017,1
26,20231018,1
26,20231019,1
26,20231020,1
26,20231023,1
26,20231024,1
26,20231025,1
26,20231026,1
26,20231027,1
26,20231030,1
26,20231031,1
26,20231101,1
26,20231102,1
26,20231103,1
26,20231106,1
26,20231107,1
26,20231108,1
26,20231109,1
26,20231110,1
26,20231113,1
26,20231114,1
26,20231115,1
26,20231116,1
26,20231117,1
26,20231120,1
26,20231121,1
26,20231127,1
26,20231128,1
26,20231129,1
26,20231130,1
26,20231201,1
26,20231204,1
26,20231207,1
26,20231208,1
26,20231211,1
26,20231212,1
26,20231213,1
26,20231214,1
26,20231215,1
26,20231218,1
26,20231219,1
26,20231220,1
26,20231221,1
26,20231226,1
26,20231227,1
26,20231228,1
26,20231229,1
26,20240102,1
26,20240103,1
26,20240104,1
26,20240105,1
26,20240108,1
26,20240109,1
26,20240110,1
26,20240111,1
26,20240112,1
26,20240116,1
26,20240117,1
26,20240118,1
26,20240119,1
26,20240122,1
26,20240123,1
26,20240124,1
26,20240125,1
26,20240126,1
26,20240129,1
26,20240130,1
26,20240131,1
26,20240201,1
26,20240202,1
26,20240205,1
26,20240206,1
26,20240207,1
26,20240208,1
26,20240209,1
26,20240212,1
26,20240213,1
26,20240214,1
26,20240215,1
26,20240216,1
26,20240220,1
26,20240221,1
26,20240222,1
26,20240223,1
26,20240226,1
26,20240227,1
26,20240228,1
26,20240229,1
26,20240301,1
26,20240304,1
26,20240305,1
26,20240306,1
26,20240307,1
26,20240308,1
26,20240311,1
26,20240312,1
26,20240313,1
26,20240314,1
26,20240315,1
26,20240318,1
26,20240319,1
26,20240320,1
26,20240321,1
26,20240322,1
26,20240325,1
26,20240326,1
26,20240327,1
26,20240328,1
26,20240329,1
27,20231003,1
27,20231004,1
27,20231005,1
27,20231006,1
27,20231009,1
27,20231010,1
27,20231011,1
27,20231012,1
27,20231013,1
27,20231016,1
27,20231017,1
27,20231018,1
27,20231019,1
27,20231020,1
27,20231023,1
27,20231024,1
27,20231025,1
27,20231026,1
27,20231027,1
27,20231030,1
27,20231031,1
27,20231101,1
27,20231102,1
27,20231103,1
27,20231106,1
27,20231107,1
27,20231108,1
27,20231109,1
27,20231110,1
27,20231113,1
27,20231114,1
27,20231115,1
27,20231116,1
27,20231117,1
27,20231120,1
27,20231121,1
27,20231122,1
27,20231127,1
27,20231128,1
27,20231129,1
27,20231130,1
27,20231201,1
27,20231204,1
27,20231207,1
27,20231208,1
27,20231211,1
27,20231212,1
27,20231213,1
27,20231214,1
27,20231215,1
27,20231218,1
27,20231219,1
27,20231220,1
27,20231221,1
27,20231222,1
27,20231226,1
27,20231227,1
27,20231228,1
27,20231229,1
27,20240102,1
27,20240103,1
27,20240104,1
27,20240105,1
27,20240108,1
27,20240109,1
27,20240110,1
27,20240111,1
27,20240112,1
27,20240116,1
27,20240117,1
27,20240118,1
27,20240119,1
27,20240122,1
27,20240123,1
27,20240124,1
27,20240125,1
27,20240126,1
27,20240129,1
27,20240130,1
27,20240131,1
27,20240201,1
27,20240202,1
27,20240205,1
27,20240206,1
27,20240207,1
27,20240208,1
27,20240209,1
27,20240212,1
27,20240213,1
27,20240214,1
27,20240215,1
27,20240216,1
27,20240220,1
27,20240221,1
27,20240222,1
27,20240223,1
27,20240226,1
27,20240227,1
27,20240228,1
27,20240229,1
27,20240301,1
27,20240304,1
27,20240305,1
27,20240306,1
27,20240307,1
27,20240308,1
27,20240311,1
27,20240312,1
27,20240313,1
27,20240314,1
27,20240315,1
27,20240318,1
27,20240319,1
27,20240320,1
27,20240321,1
27,20240322,1
27,20240325,1
27,20240326,1
27,20240327,1
27,20240328,1
27,20240329,1
28,20231002,1
28,20231003,1
28,20231004,1
28,20231005,1
28,20231006,1
28,20231009,1
28,20231010,1
28,20231011,1
28,20231012,1
28,20231013,1
28,20231016,1
28,20231017,1
28,20231018,1
28,20231019,1
28,20231020,1
28,20231023,1
28,20231024,1
28,20231025,1
28,20231026,1
28,20231027,1
28,20231030,1
28,20231031,1
28,20231101,1
28,20231102,1
28,20231103,1
28,20231106,1
28,20231107,1
28,20231108,1
28,20231109,1
28,20231110,1
28,20231113,1
28,20231114,1
28,20231115,1
28,20231116,1
28,20231117,1
28,20231120,1
28,20231121,1
28,20231122,1
28,20231127,1
28,20231128,1
28,20231129,1
28,20231130,1
28,20231201,1
28,20231204,1
28,20231207,1
28,20231208,1
28,20231211,1
28,20231212,1
28,20231213,1
28,20231214,1
28,20231215,1
29,20231226,1
29,20231227,1
29,20231228,1
29,20231229,1
30,20231002,1
30,20231003,1
30,20231004,1
30,20231005,1
30,20231006,1
30,20231007,1
30,20231008,1
30,20231009,1
30,20231010,1
30,20231011,1
30,20231012,1
30,20231013,1
30,20231014,1
30,20231015,1
30,20231016,1
30,20231017,1
30,20231018,1
30,20231019,1
30,20231020,1
30,20231021,1
30,20231022,1
30,20231023,1
30,20231024,1
30,20231025,1
30,20231026,1
30,20231027,1
30,20231028,1
30,20231029,1
30,20231030,1
30,20231031,1
30,20231101,1
30,20231102,1
30,20231103,1
30,20231104,1
30,20231105,1
30,20231106,1
30,20231107,1
30,20231108,1
30,20231109,1
30,20231110,1
30,20231111,1
30,20231112,1
30,20231113,1
30,20231114,1
30,20231115,1
30,20231116,1
30,20231117,1
30,20231118,1
30,20231119,1
30,20231120,1
30,20231121,1
30,20231122,1
30,20231123,1
30,20231124,1
30,20231125,1
30,20231126,1
30,20231127,1
30,20231128,1
30,20231129,1
30,20231130,1
30,20231201,1
30,20231202,1
30,20231203,1
30,20231208,1
30,20231209,1
30,20231210,1
30,20231211,1
30,20231212,1
30,20231213,1
30,20231214,1
30,20231215,1
30,20231216,1
30,20231217,1
30,20231218,1
30,20231219,1
30,20231220,1
30,20231221,1
30,20231222,1
30,20231223,1
30,20231224,1
30,20231225,1
30,20231226,1
30,20231227,1
30,20231228,1
30,20231229,1
30,20231230,1
30,20231231,1
30,20240101,1
30,20240102,1
30,20240103,1
30,20240104,1
30,20240105,1
30,20240106,1
30,20240107,1
30,20240108,1
30,20240109,1
30,20240110,1
30,20240111,1
30,20240112,1
30,20240113,1
30,20240114,1
30,20240115,1
30,20240116,1
30,20240117,1
30,20240118,1
30,20240119,1
30,20240120,1
30,20240121,1
30,20240122,1
30,20240123,1
30,20240124,1
30,20240125,1
30,20240126,1
30,20240127,1
30,20240128,1
30,20240129,1
30,20240130,1
30,20240131,1
30,20240201,1
30,20240202,1
30,20240203,1
30,20240204,1
30,20240205,1
30,20240206,1
30,20240207,1
30,20240208,1
30,20240209,1
30,20240210,1
30,20240211,1
30,20240212,1
30,20240213,1
30,20240214,1
30,20240215,1
30,20240216,1
30,20240217,1
30,20240218,1
30,20240219,1
30,20240220,1
30,20240221,1
30,20240222,1
30,20240223,1
30,20240224,1
30,20240225,1
30,20240226,1
30,20240227,1
30,20240228,1
30,20240229,1
30,20240301,1
30,20240302,1
30,20240303,1
30,20240304,1
30,20240305,1
30,20240306,1
30,20240307,1
30,20240308,1
30,20240309,1
30,20240310,1
30,20240311,1
30,20240312,1
30,20240313,1
30,20240314,1
30,20240315,1
30,20240316,1
30,20240317,1
30,20240318,1
30,20240319,1
30,20240320,1
30,20240321,1
30,20240322,1
30,20240323,1
30,20240324,1
30,20240325,1
30,20240326,1
30,20240327,1
30,20240328,1
30,20240329,1
31,20231002,1
31,20231003,1
31,20231004,1
31,20231005,1
31,20231006,1
31,20231009,1
31,20231010,1
31,20231011,1
31,20231012,1
31,20231013,1
31,20231016,1
31,20231017,1
31,20231018,1
31,20231019,1
31,20231020,1
31,20231023,1
31,20231024,1
31,20231025,1
31,20231026,1
31,20231027,1
31,20231030,1
31,20231031,1
31,20231101,1
31,20231102,1
31,20231103,1
31,20231106,1
31,20231107,1
31,20231108,1
31,20231109,1
31,20231110,1
31,20231113,1
31,20231114,1
31,20231115,1
31,20231116,1
31,20231117,1
31,20231120,1
31,20231121,1
31,20231122,1
31,20231127,1
31,20231128,1
31,20231129,1
31,20231130,1
31,20231201,1
31,20231204,1
31,20231207,1
31,20231208,1
31,20231211,1
31,20231212,1
31,20231213,1
31,20231214,1
31,20231215,1
31,20231218,1
31,20231219,1
31,20231220,1
31,20231221,1
31,20231222,1
31,20240102,1
31,20240103,1
31,20240104,1
31,20240105,1
31,20240108,1
31,20240109,1
31,20240110,1
31,20240111,1
31,20240112,1
31,20240116,1
31,20240117,1
31,20240118,1
31,20240119,1
31,20240122,1
31,20240123,1
31,20240124,1
31,20240125,1
31,20240126,1
31,20240129,1
31,20240130,1
31,20240131,1
31,20240201,1
31,20240202,1
31,20240205,1
31,20240206,1
31,20240207,1
31,20240208,1
31,20240209,1
31,20240212,1
31,20240213,1
31,20240214,1
31,20240215,1
31,20240216,1
31,20240220,1
31,20240221,1
31,20240222,1
31,20240223,1
31,20240226,1
31,20240227,1
31,20240228,1
31,20240229,1
31,20240301,1
31,20240304,1
31,20240305,1
31,20240306,1
31,20240307,1
31,20240308,1
31,20240311,1
31,20240312,1
31,20240313,1
31,20240314,1
31,20240315,1
31,20240318,1
31,20240319,1
31,20240320,1
31,20240321,1
31,20240322,1
31,20240325,1
31,20240326,1
31,20240327,1
31,20240328,1
31,20240329,1
32,20231002,1
32,20231003,1
32,20231004,1
32,20231005,1
32,20231006,1
32,20231009,1
32,20231010,1
32,20231011,1
32,20231012,1
32,20231013,1
32,20231016,1
32,20231017,1
32,20231018,1
32,20231019,1
32,20231020,1
32,20231023,1
32,20231024,1
32,20231025,1
32,20231026,1
32,20231027,1
32,20231030,1
32,20231031,1
32,20231101,1
32,20231102,1
32,20231103,1
32,20231106,1
32,20231107,1
32,20231108,1
32,20231109,1
32,20231110,1
32,20231113,1
32,20231114,1
32,20231115,1
32,20231116,1
32,20231117,1
32,20231120,1
32,20231121,1
32,20231122,1
32,20231127,1
32,20231128,1
32,20231129,1
32,20231130,1
32,20231201,1
32,20231204,1
32,20231207,1
32,20231208,1
32,20231211,1
32,20231212,1
32,20231213,1
32,20231214,1
32,20231215,1
32,20231218,1
32,20231219,1
32,20231220,1
32,20231221,1
32,20231226,1
32,20231227,1
32,20231228,1
32,20240102,1
32,20240103,1
32,20240104,1
32,20240105,1
32,20240108,1
32,20240109,1
32,20240110,1
32,20240111,1
32,20240112,1
32,20240115,1
32,20240116,1
32,20240117,1
32,20240118,1
32,20240119,1
32,20240122,1
32,20240123,1
32,20240124,1
32,20240125,1
32,20240126,1
32,20240128,1
32,20240129,1
32,20240130,1
32,20240131,1
32,20240201,1
32,20240202,1
32,20240205,1
32,20240206,1
32,20240207,1
32,20240208,1
32,20240209,1
32,20240212,1
32,20240213,1
32,20240214,1
32,20240215,1
32,20240216,1
32,20240220,1
32,20240221,1
32,20240222,1
32,20240223,1
32,20240226,1
32,20240227,1
32,20240228,1
32,20240229,1
32,20240301,1
32,20240304,1
32,20240305,1
32,20240306,1
32,20240307,1
32,20240308,1
32,20240311,1
32,20240312,1
32,20240313,1
32,20240314,1
32,20240315,1
32,20240318,1
32,20240319,1
32,20240320,1
32,20240321,1
32,20240322,1
32,20240325,1
32,20240326,1
32,20240327,1
32,20240328,1
32,20240329,1
33,20231204,1
34,20231205,1
34,20231206,1
34,20231207,1
35,20231124,1
36,20231007,1
36,20231008,1
36,20231014,1
36,20231015,1
36,20231021,1
36,20231022,1
36,20231028,1
36,20231029,1
36,20231104,1
36,20231105,1
36,20231111,1
36,20231112,1
36,20231118,1
36,20231119,1
36,20231124,1
36,20231125,1
36,20231126,1
36,20231202,1
36,20231203,1
36,20231209,1
36,20231210,1
36,20231216,1
36,20231217,1
36,20231223,1
36,20231224,1
36,20231225,1
36,20231230,1
36,20231231,1
36,20240101,1
36,20240106,1
36,20240107,1
36,20240113,1
36,20240114,1
36,20240115,1
36,20240120,1
36,20240121,1
36,20240127,1
36,20240128,1
36,20240203,1
36,20240204,1
36,20240210,1
36,20240211,1
36,20240217,1
36,20240218,1
36,20240219,1
36,20240224,1
36,20240225,1
36,20240302,1
36,20240303,1
36,20240309,1
36,20240310,1
36,20240316,1
36,20240317,1
36,20240323,1
36,20240324,1
37,20231007,1
37,20231008,1
37,20231014,1
37,20231015,1
37,20231021,1
37,20231022,1
37,20231028,1
37,20231029,1
37,20231104,1
37,20231105,1
37,20231111,1
37,20231112,1
37,20231118,1
37,20231119,1
37,20231123,1
37,20231124,1
37,20231125,1
37,20231126,1
37,20231202,1
37,20231203,1
37,20231209,1
37,20231210,1
37,20231216,1
37,20231217,1
37,20231223,1
37,20231224,1
37,20231225,1
37,20231230,1
37,20231231,1
37,20240106,1
37,20240107,1
37,20240113,1
37,20240114,1
37,20240115,1
37,20240120,1
37,20240121,1
37,20240127,1
37,20240128,1
37,20240203,1
37,20240204,1
37,20240210,1
37,20240211,1
37,20240217,1
37,20240218,1
37,20240219,1
37,20240224,1
37,20240225,1
37,20240302,1
37,20240303,1
37,20240309,1
37,20240310,1
37,20240316,1
37,20240317,1
37,20240323,1
37,20240324,1
38,20231006,1
38,20231013,1
38,20231020,1
38,20231027,1
38,20231103,1
38,20231110,1
38,20231117,1
38,20231122,1
38,20231201,1
38,20231208,1
38,20231215,1
38,20231222,1
38,20231229,1
38,20240105,1
38,20240112,1
38,20240119,1
38,20240126,1
38,20240202,1
38,20240209,1
38,20240216,1
38,20240223,1
38,20240301,1
38,20240308,1
38,20240315,1
38,20240322,1
38,20240329,1
39,20231007,1
39,20231014,1
39,20231021,1
39,20231028,1
39,20231104,1
39,20231111,1
39,20231118,1
39,20231123,1
39,20231125,1
39,20231202,1
39,20231209,1
39,20231216,1
39,20231223,1
39,20231224,1
39,20231230,1
39,20231231,1
39,20240106,1
39,20240113,1
39,20240114,1
39,20240120,1
39,20240127,1
39,20240203,1
39,20240210,1
39,20240217,1
39,20240218,1
39,20240224,1
39,20240302,1
39,20240309,1
39,20240316,1
39,20240323,1
40,20231003,1
40,20231004,1
40,20231005,1
40,20231006,1
40,20231009,1
40,20231010,1
40,20231011,1
40,20231012,1
40,20231013,1
40,20231016,1
40,20231017,1
40,20231018,1
40,20231019,1
40,20231020,1
40,20231023,1
40,20231024,1
40,20231025,1
40,20231026,1
40,20231027,1
40,20231030,1
40,20231031,1
40,20231101,1
40,20231102,1
40,20231103,1
40,20231106,1
40,20231107,1
40,20231108,1
40,20231109,1
40,20231110,1
40,20231113,1
40,20231114,1
40,20231115,1
40,20231116,1
40,20231117,1
40,20231120,1
40,20231121,1
40,20231127,1
40,20231128,1
40,20231129,1
40,20231130,1
40,20231201,1
40,20231204,1
40,20231207,1
40,20231208,1
40,20231211,1
40,20231212,1
40,20231213,1
40,20231214,1
40,20231215,1
40,20231218,1
40,20231219,1
40,20231220,1
40,20231221,1
40,20231226,1
40,20231227,1
40,20231228,1
40,20231229,1
40,20240102,1
40,20240103,1
40,20240104,1
40,20240105,1
40,20240108,1
40,20240109,1
40,20240110,1
40,20240111,1
40,20240112,1
40,20240116,1
40,20240117,1
40,20240118,1
40,20240119,1
40,20240122,1
40,20240123,1
40,20240124,1
40,20240125,1
40,20240126,1
40,20240129,1
40,20240130,1
40,20240131,1
40,20240201,1
40,20240202,1
40,20240205,1
40,20240206,1
40,20240207,1
40,20240208,1
40,20240209,1
40,20240212,1
40,20240213,1
40,20240214,1
40,20240215,1
40,20240216,1
40,20240220,1
40,20240221,1
40,20240222,1
40,20240223,1
40,20240226,1
40,20240227,1
40,20240228,1
40,20240229,1
40,20240301,1
40,20240304,1
40,20240305,1
40,20240306,1
40,20240307,1
40,20240308,1
40,20240311,1
40,20240312,1
40,20240313,1
40,20240314,1
40,20240315,1
40,20240318,1
40,20240319,1
40,20240320,1
40,20240321,1
40,20240322,1
40,20240325,1
40,20240326,1
40,20240327,1
40,20240328,1
40,20240329,1
41,20231007,1
41,20231014,1
41,20231021,1
41,20231028,1
41,20231104,1
41,20231111,1
41,20231118,1
41,20231125,1
41,20231202,1
41,20231209,1
41,20231216,1
41,20231223,1
41,20231230,1
41,20240106,1
41,20240113,1
41,20240120,1
41,20240127,1
41,20240203,1
41,20240210,1
41,20240217,1
41,20240224,1
41,20240302,1
41,20240309,1
41,20240316,1
41,20240323,1
42,20231002,1
42,20231003,1
42,20231004,1
42,20231005,1
42,20231006,1
42,20231009,1
42,20231010,1
42,20231011,1
42,20231012,1
42,20231013,1
42,20231016,1
42,20231017,1
42,20231018,1
42,20231019,1
42,20231020,1
42,20231023,1
42,20231024,1
42,20231025,1
42,20231026,1
42,20231027,1
42,20231030,1
42,20231031,1
42,20231101,1
42,20231102,1
42,20231103,1
42,20231106,1
42,20231107,1
42,20231108,1
42,20231109,1
42,20231110,1
42,20231113,1
42,20231114,1
42,20231115,1
42,20231116,1
42,20231117,1
42,20231120,1
42,20231121,1
42,20231122,1
42,20231123,1
42,20231124,1
42,20231127,1
42,20231128,1
42,20231129,1
42,20231130,1
42,20231201,1
42,20231204,1
42,20231205,1
42,20231206,1
42,20231207,1
42,20231208,1
42,20231211,1
42,20231212,1
42,20231213,1
42,20231214,1
42,20231215,1
42,20231218,1
42,20231219,1
42,20231220,1
42,20231221,1
42,20231222,1
42,20231225,1
42,20231226,1
42,20231227,1
42,20231228,1
42,20231229,1
42,20240101,1
42,20240102,1
42,20240103,1
42,20240104,1
42,20240105,1
42,20240108,1
42,20240109,1
42,20240110,1
42,20240111,1
42,20240112,1
42,20240115,1
42,20240116,1
42,20240117,1
42,20240118,1
42,20240119,1
42,20240122,1
42,20240123,1
42,20240124,1
42,20240125,1
42,20240126,1
42,20240129,1
42,20240130,1
42,20240131,1
42,20240201,1
42,20240202,1
42,20240205,1
42,20240206,1
42,20240207,1
42,20240208,1
42,20240209,1
42,20240212,1
42,20240213,1
42,20240214,1
42,20240215,1
42,20240216,1
42,20240219,1
42,20240220,1
42,20240221,1
42,20240222,1
42,20240223,1
42,20240226,1
42,20240227,1
42,20240228,1
42,20240229,1
42,20240301,1
42,20240304,1
42,20240305,1
42,20240306,1
42,20240307,1
42,20240308,1
42,20240311,1
42,20240312,1
42,20240313,1
42,20240314,1
42,20240315,1
42,20240318,1
42,20240319,1
42,20240320,1
42,20240321,1
42,20240322,1
42,20240325,1
42,20240326,1
42,20240327,1
42,20240328,1
42,20240329,1
43,20231006,1
43,20231007,1
43,20231008,1
43,20231013,1
43,20231014,1
43,20231015,1
43,20231020,1
43,20231021,1
43,20231022,1
43,20231027,1
43,20231028,1
43,20231029,1
43,20231103,1
43,20231104,1
43,20231105,1
43,20231110,1
43,20231111,1
43,20231112,1
43,20231117,1
43,20231118,1
43,20231119,1
43,20231122,1
43,20231123,1
43,20231124,1
43,20231125,1
43,20231126,1
43,20231201,1
43,20231202,1
43,20231203,1
43,20231208,1
43,20231209,1
43,20231210,1
43,20231215,1
43,20231216,1
43,20231217,1
43,20231222,1
43,20231223,1
43,20231224,1
43,20231225,1
43,20231229,1
43,20231230,1
43,20240101,1
43,20240105,1
43,20240106,1
43,20240107,1
43,20240112,1
43,20240113,1
43,20240114,1
43,20240115,1
43,20240119,1
43,20240120,1
43,20240121,1
43,20240126,1
43,20240127,1
43,20240128,1
43,20240202,1
43,20240203,1
43,20240204,1
43,20240209,1
43,20240210,1
43,20240211,1
43,20240216,1
43,20240217,1
43,20240218,1
43,20240219,1
43,20240223,1
43,20240224,1
43,20240225,1
43,20240301,1
43,20240302,1
43,20240303,1
43,20240308,1
43,20240309,1
43,20240310,1
43,20240315,1
43,20240316,1
43,20240317,1
43,20240322,1
43,20240323,1
43,20240324,1
43,20240329,1
44,20231002,1
44,20231003,1
44,20231004,1
44,20231005,1
44,20231006,1
44,20231009,1
44,20231010,1
44,20231011,1
44,20231012,1
44,20231013,1
44,20231016,1
44,20231017,1
44,20231018,1
44,20231019,1
44,20231020,1
44,20231023,1
44,20231024,1
44,20231025,1
44,20231026,1
44,20231027,1
44,20231030,1
44,20231031,1
44,20231101,1
44,20231102,1
44,20231103,1
44,20231106,1
44,20231107,1
44,20231108,1
44,20231109,1
44,20231110,1
44,20231113,1
44,20231114,1
44,20231115,1
44,20231116,1
44,20231117,1
44,20231120,1
44,20231121,1
44,20231122,1
44,20231127,1
44,20231129,1
44,20231130,1
44,20231201,1
44,20231204,1
44,20231207,1
44,20231208,1
44,20231211,1
44,20231212,1
44,20231213,1
44,20231214,1
44,20231215,1
45,20231014,1
45,20231021,1
45,20231028,1
45,20231104,1
45,20231111,1
45,20231118,1
45,20231125,1
45,20231202,1
45,20231209,1
45,20231216,1
45,20231223,1
45,20231230,1
45,20240106,1
45,20240113,1
45,20240120,1
45,20240127,1
45,20240203,1
45,20240210,1
45,20240217,1
45,20240224,1
45,20240302,1
45,20240309,1
45,20240316,1
45,20240323,1
46,20231002,1
46,20231003,1
46,20231004,1
46,20231005,1
46,20231006,1
46,20231007,1
46,20231008,1
46,20231009,1
46,20231010,1
46,20231011,1
46,20231012,1
46,20231013,1
46,20231015,1
46,20231022,1
46,20231029,1
46,20231105,1
46,20231112,1
46,20231119,1
46,20231126,1
46,20231203,1
46,20231210,1
46,20231217,1
46,20231224,1
46,20231231,1
46,20240107,1
46,20240114,1
46,20240121,1
46,20240128,1
46,20240204,1
46,20240211,1
46,20240218,1
46,20240225,1
46,20240303,1
46,20240310,1
46,20240317,1
46,20240324,1
47,20231016,1
47,20231017,1
47,20231018,1
47,20231019,1
47,20231020,1
47,20231023,1
47,20231024,1
47,20231025,1
47,20231026,1
47,20231027,1
47,20231030,1
47,20231031,1
47,20231101,1
47,20231102,1
47,20231103,1
47,20231106,1
47,20231107,1
47,20231108,1
47,20231109,1
47,20231110,1
47,20231113,1
47,20231114,1
47,20231115,1
47,20231116,1
47,20231117,1
47,20231120,1
47,20231121,1
47,20231122,1
47,20231123,1
47,20231124,1
47,20231127,1
47,20231128,1
47,20231129,1
47,20231130,1
47,20231201,1
47,20231204,1
47,20231205,1
47,20231206,1
47,20231207,1
47,20231208,1
47,20231211,1
47,20231212,1
47,20231213,1
47,20231214,1
47,20231215,1
47,20231218,1
47,20231219,1
47,20231220,1
47,20231221,1
47,20231222,1
47,20231225,1
47,20231226,1
47,20231227,1
47,20231228,1
47,20231229,1
47,20240101,1
47,20240102,1
47,20240103,1
47,20240104,1
47,20240105,1
47,20240108,1
47,20240109,1
47,20240110,1
47,20240111,1
47,20240112,1
47,20240115,1
47,20240116,1
47,20240117,1
47,20240118,1
47,20240119,1
47,20240122,1
47,20240123,1
47,20240124,1
47,20240125,1
47,20240126,1
47,20240129,1
47,20240130,1
47,20240131,1
47,20240201,1
47,20240202,1
47,20240205,1
47,20240206,1
47,20240207,1
47,20240208,1
47,20240209,1
47,20240212,1
47,20240213,1
47,20240214,1
47,20240215,1
47,20240216,1
47,20240219,1
47,20240220,1
47,20240221,1
47,20240222,1
47,20240223,1
47,20240226,1
47,20240227,1
47,20240228,1
47,20240229,1
47,20240301,1
47,20240304,1
47,20240305,1
47,20240306,1
47,20240307,1
47,20240308,1
47,20240311,1
47,20240312,1
47,20240313,1
47,20240314,1
47,20240315,1
47,20240318,1
47,20240319,1
47,20240320,1
47,20240321,1
47,20240322,1
47,20240325,1
47,20240326,1
47,20240327,1
47,20240328,1
47,20240329,1
